=== DATASET CHECK ===
Found camera.dat, trajectory.dat, world.dat
Found 121 measurement files

--- RAW PREVIEW: camera.dat ---
camera matrix:
180   0 320
  0 180 240
  0   0   1
cam_transform:
  0   0   1 0.2
 -1   0   0   0
  0  -1   0   0
  0   0   0   1
z_near: 0
z_far:  5
width:  640
height: 480

--- RAW PREVIEW: trajectory.dat ---
0   0.00160159            0 -0.000259093 0 0 0
1   0.200147 0.00177571   0.018434 0.200426        0        0
2   0.404335 0.00659056  0.0230666 0.40085       0       0
3    0.612285  0.00727619 -0.00321606 0.601274        0        0
4   0.798097 0.00376101 -0.0356316 0.801698        0        0
5    0.996043 -0.00186033  -0.0264914 1.00244       0       0
6     1.19474 -0.00818324  -0.0297342 1.20254       0       0
7    1.38451 -0.0135787 -0.0253994 1.40263       0       0
8    1.58873 -0.0196275 -0.0321115 1.60272       0       0
9    1.79787 -0.0231446 -0.0108615 1.80282       0       0

--- RAW PREVIEW: world.dat ---
0  6.80375 -2.11234   1.1324    0.59688   0.823295  -0.604897  -0.329554   0.536459  -0.444451    0.10794 -0.0452059   0.257742  -0.270431
1 0.268018  9.04459  1.66478  0.271423  0.434594 -0.716795  0.213938 -0.967399 -0.514226 -0.725537  0.608353 -0.686642 -0.198111
2 -7.40419 -7.82382   1.9957 -0.563486 0.0258648  0.678224   0.22528 -0.407937  0.275105 0.0485743 -0.012834   0.94555 -0.414966
3  5.42715 0.534899  1.07966 -0.199543  0.783059 -0.433371 -0.295083  0.615449  0.838053 -0.860489  0.898654 0.0519907 -0.827888
4 -6.15572  3.26454  1.56093  -0.302214  -0.871657  -0.959954 -0.0845965  -0.873808   -0.52344   0.941268   0.804416    0.70184  -0.466668
5 0.795207 -2.49586  1.04099 0.0250708  0.335448 0.0632129 -0.921439 -0.124725   0.86367   0.86162  0.441905 -0.431413  0.477069
6  2.79958 -2.91903 0.751446 -0.668052 -0.119791   0.76015  0.658402 -0.339326 -0.542064  0.786745  -0.29928   0.37334  0.912936
7  1.7728 3.14608 1.43471   -0.12088    0.84794  -0.203127   0.629534   0.368437   0.821944 -0.0350187   -0.56835   0.900505   0.840256
8  -7.0468  7.62124 0.564322 -0.136093  0.239193 -0.437881  0.572004 -0.385084 -0.105933 -0.547787 -0.624934 -0.447531  0.112888
9 -1.66997 -6.60786  1.62722   -0.793658   -0.747849 -0.00911188     0.52095    0.969503    0.870008     0.36889   -0.233623    0.499542   -0.262673

--- RAW PREVIEW: meas-00000.dat ---
seq: 0
gt_pose: 0 0 0
odom_pose:   0.00160159            0 -0.000259093
point 0 6 522.119 187.968 -0.668052 -0.119791   0.76015  0.658402 -0.339326 -0.542064  0.786745  -0.29928   0.37334  0.912936
point 1 14 442.949 142.838  -0.80072 0.0616159  0.514588  -0.39141  0.984457  0.153942  0.755228  0.495619   0.25782 -0.929158
point 2 15 67.7619 175.604    0.746543    0.662075    0.958868    0.487622    0.806733    0.967191    0.333761 -0.00548297   -0.672064    0.660024
point 3 17 306.371 119.738  -0.439916  0.0922137   0.438537  -0.773439 -0.0570331    0.18508   0.888636 -0.0981649  -0.327298   0.695369
point 4 35 509.615 216.308  0.104633  0.839182  0.371973  0.619571  0.395696 -0.376099  0.291778  -0.98799 0.0659196  0.687819
point 5 36 83.1589 233.854 -0.198582 -0.275691  0.437734  0.603793  0.355625 -0.694248 -0.934215 -0.872879  0.371444 -0.624767
point 6 38 554.595  143.28   -0.62747  -0.685722 0.00692201   0.657915   0.351308    0.80834  -0.617777  -0.210957   0.412133   0.737848
point 7 42 302.887  177.28  0.0300982  -0.774704   -0.02038  0.0206981  -0.903001   0.628703  -0.230683   0.275313 -0.0957552  -0.712036
point 8 44 186.094 163.632  -0.560424   0.260486   0.847025   0.475877 -0.0742955  -0.122876   0.701173   0.905324   0.897822   0.798172
point 9 53 83.0851 199.116  0.778687  0.293424 -0.317035 -0.899664  0.533402   0.60666  0.397426  0.363843  0.808374 -0.374121
point 10 54 470.001 194.069 -0.621873  0.182221 -0.893121 -0.797092  -0.68545 -0.511703 -0.727659  0.178237 -0.883895  0.779106
point 11 56 545.424 201.304   0.26717 0.0763506 -0.966699  0.863036 -0.304908 -0.588572 0.0452573 -0.198029 -0.385663  0.359807

--- RAW PREVIEW: meas-00001.dat ---
seq: 1
gt_pose: 0.200426        0        0
odom_pose:   0.200147 0.00177571   0.018434
point 0 6 539.005 183.622 -0.668052 -0.119791   0.76015  0.658402 -0.339326 -0.542064  0.786745  -0.29928   0.37334  0.912936
point 1 14 463.689 126.449  -0.80072 0.0616159  0.514588  -0.39141  0.984457  0.153942  0.755228  0.495619   0.25782 -0.929158
point 2 15 56.6646 172.771    0.746543    0.662075    0.958868    0.487622    0.806733    0.967191    0.333761 -0.00548297   -0.672064    0.660024
point 3 17 305.329 110.546  -0.439916  0.0922137   0.438537  -0.773439 -0.0570331    0.18508   0.888636 -0.0981649  -0.327298   0.695369
point 4 35 518.356 215.216  0.104633  0.839182  0.371973  0.619571  0.395696 -0.376099  0.291778  -0.98799 0.0659196  0.687819
point 5 36 59.0447 233.228 -0.198582 -0.275691  0.437734  0.603793  0.355625 -0.694248 -0.934215 -0.872879  0.371444 -0.624767
point 6 38 572.234 136.007   -0.62747  -0.685722 0.00692201   0.657915   0.351308    0.80834  -0.617777  -0.210957   0.412133   0.737848
point 7 42 301.939 173.805  0.0300982  -0.774704   -0.02038  0.0206981  -0.903001   0.628703  -0.230683   0.275313 -0.0957552  -0.712036
point 8 44 174.981 157.294  -0.560424   0.260486   0.847025   0.475877 -0.0742955  -0.122876   0.701173   0.905324   0.897822   0.798172
point 9 45 441.289 234.645  -0.561728 -0.0448976   0.899641 -0.0676628   0.768636   0.934554  -0.632469  -0.083922   0.560448   0.532895
point 10 53 66.3384 196.226  0.778687  0.293424 -0.317035 -0.899664  0.533402   0.60666  0.397426  0.363843  0.808374 -0.374121
point 11 54 476.467 192.089 -0.621873  0.182221 -0.893121 -0.797092  -0.68545 -0.511703 -0.727659  0.178237 -0.883895  0.779106

=== CHECK COMPLETED ===
